47 0.247786 0.280896 0.0509414 0.0774123
47 0.114568 0.409293 0.0317331 0.0487793
47 0.436088 0.0892362 0.0410188 0.0875578
47 0.512938 0.140884 0.0561364 0.108392
47 0.386897 0.166019 0.0425876 0.068992
47 0.606614 0.147453 0.0330102 0.0565799
47 0.0984818 0.191124 0.023363 0.0379637
47 0.0958978 0.562665 0.0221959 0.0386173
47 0.140097 0.34973 0.0325094 0.0438118
47 0.382919 0.171113 0.0350086 0.0549015
47 0.586958 0.35193 0.0391928 0.052428
47 0.610074 0.799706 0.0374917 0.0578181
47 0.821957 0.576435 0.0326757 0.0463671
47 0.598952 0.432538 0.132206 0.234264
47 0.608871 0.670327 0.0415518 0.0534801
47 0.207383 0.0819037 0.0374585 0.0617034
47 0.575134 0.627164 0.0305771 0.0530019
47 0.612435 0.734677 0.0300744 0.0495982
47 0.691436 0.037201 0.0406303 0.0672299
47 0.172149 0.379129 0.0264936 0.0382168
47 0.195339 0.375905 0.0313717 0.0414355
47 0.880202 0.513314 0.0296341 0.0412789
47 0.255206 0.180215 0.0278512 0.0429112
47 0.555523 0.486503 0.0374188 0.0620844
47 0.961847 0.211544 0.020362 0.0378192
47 0.788133 0.327238 0.0383271 0.053093
47 0.809435 0.507342 0.0311736 0.0519092
47 0.872473 0.702219 0.0408022 0.065653
47 0.0746984 0.518024 0.0217381 0.0283479
47 0.187197 0.37628 0.0576124 0.0459095
47 0.718131 0.186448 0.036631 0.054375
47 0.0271479 0.525597 0.0266656 0.0255933
47 0.832129 0.446259 0.0320236 0.0499404
