47 0.620438 0.383954 0.199185 0.27793
47 0.8315 0.262632 0.192823 0.296237
47 0.155118 0.501542 0.185936 0.236945
47 0.945999 0.172494 0.107591 0.274634
47 0.340629 0.339447 0.187468 0.262671
47 0.227258 0.737183 0.131434 0.194788
47 0.452501 0.528233 0.190896 0.280596
47 0.823193 0.52017 0.0890182 0.211128
47 0.617365 0.64974 0.189561 0.268832
47 0.481793 0.493776 0.467442 0.57601
47 0.149397 0.284918 0.0585073 0.0749155
47 0.792706 0.536736 0.151293 0.244641
47 0.577996 0.647513 0.271541 0.27033
