47 0.681695 0.333793 0.167315 0.243828
47 0.460816 0.718751 0.375304 0.361015
47 0.753289 0.729392 0.0489537 0.0798525
47 0.556324 0.70752 0.180787 0.324641
47 0.506906 0.20868 0.0429887 0.0985958
47 0.933838 0.217714 0.0903132 0.125182
47 0.883603 0.60886 0.052475 0.0788201
47 0.51256 0.04521 0.048635 0.0752465
47 0.372724 0.729573 0.194009 0.337042
47 0.525487 0.121999 0.0473354 0.0786201
47 0.954675 0.778561 0.071637 0.117964
47 0.770033 0.187636 0.0839523 0.114404
47 0.910416 0.913998 0.0508078 0.0877339
