47 0.947846 0.423278 0.0812315 0.105058
47 0.352075 0.517337 0.0626659 0.109252
47 0.105097 0.699992 0.0652026 0.0830385
47 0.133855 0.467993 0.064245 0.0851642
47 0.74535 0.492709 0.0788742 0.109967
47 0.0568573 0.227177 0.0623585 0.0871972
47 0.664888 0.56015 0.0652624 0.0990955
47 0.317426 0.709138 0.0728323 0.110519
47 0.690018 0.405513 0.0776801 0.125744
47 0.265817 0.342796 0.0593655 0.0947877
47 0.0746856 0.114569 0.0828663 0.120714
47 0.2567 0.463446 0.0743086 0.105682
47 0.716724 0.885237 0.0831093 0.11904
47 0.415817 0.770441 0.0689018 0.0973936
47 0.96399 0.86553 0.0713995 0.100507
47 0.138935 0.935992 0.0695231 0.0921512
47 0.924116 0.720516 0.0686121 0.0878013
47 0.513819 0.489583 0.0544037 0.0847951
47 0.57782 0.391985 0.0737097 0.0946123
47 0.864367 0.966611 0.0770935 0.0645241
47 0.261268 0.154743 0.0723935 0.0899135
47 0.465127 0.851233 0.182366 0.266137
47 0.979169 0.708791 0.0414646 0.0797189
47 0.215301 0.273887 0.0388077 0.0828601
47 0.945211 0.729127 0.109017 0.119068
