0 0.714929 0.776675 0.29615 0.436292
58 0.202691 0.622636 0.236717 0.438978
58 0.434617 0.63417 0.260977 0.608084
58 0.267495 0.844389 0.249296 0.277701
58 0.453936 0.823372 0.225512 0.215004
58 0.428804 0.500856 0.282339 0.879216
58 0.267982 0.696473 0.25636 0.575486
58 0.054754 0.657874 0.108881 0.313899
58 0.071343 0.844957 0.140524 0.160326
47 0.616997 0.483404 0.0454872 0.0669807
58 0.222091 0.582543 0.204749 0.335762
47 0.641068 0.57082 0.0605963 0.0778593
58 0.0594318 0.592465 0.118423 0.445307
47 0.0126871 0.590044 0.0252741 0.0726413
47 0.491996 0.429664 0.0535756 0.0971262
58 0.7553 0.478022 0.480159 0.781844
47 0.764602 0.414528 0.0362932 0.0511332
47 0.835757 0.670533 0.0457899 0.0862214
47 0.0589006 0.682017 0.045987 0.0667851
58 0.611744 0.506535 0.742218 0.898317
58 0.0643866 0.513608 0.128424 0.607742
47 0.234516 0.399056 0.0438559 0.0736292
58 0.617678 0.519432 0.250432 0.679205
58 0.601375 0.726453 0.127214 0.28522
58 0.0454319 0.7206 0.0908638 0.188089
47 0.902417 0.425625 0.0377701 0.0681832
58 0.0849063 0.57614 0.169118 0.48152
