47 0.291146 0.866239 0.143495 0.213526
47 0.667531 0.380949 0.116385 0.169283
47 0.822786 0.793564 0.107183 0.153217
47 0.429893 0.498784 0.0878601 0.144471
47 0.327757 0.131835 0.121143 0.19118
47 0.0767852 0.28158 0.135961 0.232568
47 0.808176 0.378467 0.0712043 0.0912686
47 0.660931 0.582566 0.0538721 0.0841621
47 0.19726 0.379494 0.0529261 0.0912024
47 0.685895 0.0977498 0.0671453 0.126297
47 0.701908 0.0973351 0.0972393 0.129481
47 0.0468163 0.447351 0.0620729 0.102738
47 0.890054 0.513449 0.0518427 0.0612581
47 0.0386022 0.451175 0.0456812 0.0984458
47 0.114585 0.305785 0.21486 0.310185
47 0.892472 0.827947 0.0445663 0.112702
