0 0.560482 0.677033 0.349688 0.619541
47 0.133097 0.385848 0.0740872 0.0976927
47 0.677612 0.304036 0.0545476 0.0779126
47 0.973947 0.0725898 0.0512651 0.104725
47 0.881001 0.603517 0.0679966 0.0843628
47 0.64623 0.523261 0.0599415 0.0798463
47 0.558595 0.782758 0.149873 0.0945543
47 0.870993 0.80529 0.0618034 0.0868212
47 0.192989 0.409706 0.0422532 0.0600071
47 0.0425822 0.762889 0.0666372 0.0837424
47 0.133506 0.252035 0.051064 0.0763205
49 0.188977 0.736395 0.0421061 0.0601913
47 0.861773 0.475445 0.0552876 0.070885
47 0.916674 0.852084 0.0609005 0.0734264
47 0.676795 0.36705 0.046293 0.060722
47 0.179884 0.259487 0.0528763 0.0745561
47 0.512115 0.800379 0.0411842 0.0522191
47 0.550947 0.803565 0.0437367 0.0547113
47 0.543948 0.758923 0.0405763 0.044858
47 0.890537 0.920448 0.0585879 0.0782705
47 0.679605 0.330032 0.0563213 0.129675
47 0.896131 0.864511 0.114235 0.204265
47 0.728561 0.861032 0.0388961 0.0575769
47 0.185121 0.740275 0.0477912 0.0653118
49 0.863088 0.474429 0.0545002 0.069556
47 0.785842 0.404147 0.052895 0.0718252
47 0.263995 0.697757 0.0457288 0.0725259
47 0.154304 0.452028 0.039811 0.0465902
47 0.849892 0.179093 0.0830643 0.0650999
47 0.637792 0.1013 0.0373297 0.0740749
47 0.802289 0.587946 0.0480391 0.0690459
47 0.0552134 0.352007 0.040659 0.0409948
47 0.253428 0.450326 0.0314666 0.0360955
