0 0.612245 0.693323 0.331309 0.591818
47 0.339678 0.215193 0.127096 0.197581
0 0.515267 0.815229 0.204106 0.356636
47 0.28475 0.584465 0.105066 0.151535
47 0.126395 0.486469 0.0519863 0.0760969
47 0.437081 0.350111 0.0946092 0.141277
47 0.184045 0.282912 0.0384362 0.071587
47 0.796221 0.244352 0.107515 0.154649
47 0.877612 0.374454 0.0906412 0.120809
47 0.401426 0.435962 0.0661543 0.0913144
47 0.429057 0.842502 0.053828 0.0796131
47 0.931092 0.531024 0.103941 0.149259
47 0.258365 0.123392 0.0491645 0.0771804
47 0.651326 0.462593 0.0539488 0.0772758
47 0.35229 0.723302 0.0477935 0.0669462
47 0.960816 0.711239 0.0780592 0.11668
47 0.978362 0.400093 0.042486 0.0749244
47 0.0309051 0.629317 0.0612301 0.169204
47 0.497551 0.430109 0.0475255 0.0721512
47 0.426723 0.380327 0.118303 0.206576
47 0.379372 0.855749 0.0472627 0.0684726
47 0.238069 0.737153 0.048009 0.0383848
47 0.563234 0.882871 0.0480369 0.0728625
47 0.679612 0.520249 0.0567637 0.0728736
47 0.0214022 0.173698 0.0424946 0.117767
47 0.769557 0.511048 0.0890848 0.124998
