47 0.447833 0.488598 0.0866264 0.118396
47 0.577729 0.425227 0.0913546 0.116286
47 0.345076 0.524504 0.085177 0.120187
47 0.167296 0.286501 0.100993 0.134699
47 0.88923 0.2049 0.0867653 0.113635
47 0.172507 0.415193 0.0937659 0.120758
47 0.251452 0.589052 0.0899128 0.102644
47 0.73324 0.0579559 0.0702297 0.0933735
47 0.600553 0.599075 0.0923258 0.110993
49 0.231722 0.815018 0.0560166 0.0688547
47 0.925923 0.0306392 0.0827104 0.0612784
47 0.423084 0.659862 0.0739378 0.0912054
49 0.923862 0.0299868 0.0827151 0.0599736
47 0.423428 0.695438 0.0854122 0.162552
47 0.230181 0.817793 0.0562696 0.0690492
47 0.574967 0.953631 0.046568 0.063036
49 0.507285 0.594143 0.0733656 0.0846295
49 0.421474 0.66024 0.0715381 0.0893786
47 0.334106 0.762706 0.0527617 0.0655805
