47 0.90539 0.405123 0.0859112 0.140121
47 0.720107 0.17212 0.0853183 0.11535
47 0.705392 0.584052 0.0837752 0.134
47 0.405548 0.428319 0.0712257 0.114968
47 0.902805 0.18372 0.0923526 0.153385
47 0.166607 0.565472 0.0698417 0.127715
47 0.590729 0.689667 0.0608095 0.0965125
47 0.35124 0.529006 0.0650877 0.0993371
47 0.843721 0.0854956 0.0656075 0.0830821
47 0.989475 0.630597 0.0209422 0.082951
47 0.0194071 0.263388 0.0385046 0.132911
47 0.15891 0.39713 0.0596242 0.0972169
47 0.00869 0.415786 0.0172284 0.0941386
47 0.69793 0.917567 0.0512174 0.0770135
47 0.214129 0.0427313 0.0889127 0.0854626
47 0.528786 0.443723 0.0630977 0.0821878
47 0.506191 0.570945 0.0445784 0.0765027
47 0.282662 0.782325 0.051556 0.0809666
47 0.903227 0.220549 0.0813614 0.0824269
47 0.0120374 0.417402 0.023744 0.0986362
