47 0.5901 0.383272 0.192616 0.278774
47 0.147835 0.500738 0.176092 0.238323
47 0.793601 0.261447 0.181549 0.295946
47 0.926796 0.169169 0.146205 0.270402
47 0.324152 0.340858 0.178438 0.263963
47 0.781615 0.518035 0.0889638 0.215937
47 0.431052 0.527497 0.179819 0.275169
47 0.217983 0.735678 0.129113 0.189602
47 0.587062 0.651766 0.180162 0.26181
47 0.456763 0.495517 0.445906 0.57576
47 0.145073 0.280755 0.0567427 0.0800111
47 0.753533 0.532188 0.146582 0.251554
47 0.967599 0.47762 0.0640602 0.167731
47 0.979644 0.376192 0.0405104 0.129655
47 0.00984459 0.260834 0.019586 0.0631025
