47 0.392055 0.70237 0.260407 0.17811
47 0.90279 0.162083 0.074485 0.0958631
47 0.637919 0.61127 0.191099 0.0943877
47 0.636859 0.31519 0.063317 0.0925393
47 0.397786 0.270414 0.0288237 0.0427144
47 0.44559 0.276307 0.0247671 0.0383638
47 0.283293 0.0890856 0.0445037 0.0646418
47 0.598414 0.355404 0.0511856 0.0727378
47 0.50549 0.347877 0.0228649 0.0403494
47 0.187407 0.262442 0.0311802 0.0405942
47 0.661697 0.0324808 0.0559898 0.0649616
47 0.410711 0.723285 0.0540875 0.0751559
47 0.620948 0.330434 0.0980395 0.123471
47 0.289966 0.73131 0.0549074 0.0650467
47 0.579092 0.0736289 0.0355281 0.0534556
47 0.363432 0.71068 0.0422376 0.0524422
47 0.372308 0.667552 0.0423911 0.0535476
47 0.484022 0.695538 0.0444962 0.0648894
47 0.700229 0.626701 0.0622226 0.0625185
47 0.52056 0.0625888 0.0448782 0.0655127
47 0.891218 0.550479 0.0273409 0.0346882
