47 0.038316 0.322892 0.0310714 0.0537085
47 0.122055 0.439769 0.0448915 0.0688891
47 0.560807 0.594686 0.0397407 0.0611088
47 0.239775 0.314382 0.034644 0.0516745
47 0.357968 0.560661 0.0353531 0.0658905
47 0.225376 0.162537 0.0295905 0.0507598
47 0.0825732 0.132777 0.0343043 0.0485491
47 0.217091 0.348912 0.0322344 0.0574967
47 0.51177 0.554484 0.0369975 0.0543743
47 0.108616 0.597842 0.0368045 0.054474
47 0.316885 0.420985 0.0362231 0.0504056
47 0.335215 0.372655 0.0338906 0.0557254
47 0.562431 0.228531 0.0355082 0.0516477
47 0.451972 0.416003 0.0384254 0.06312
47 0.772371 0.724982 0.0275444 0.0390938
47 0.485162 0.36479 0.035367 0.0590784
47 0.0498136 0.47114 0.0458911 0.0663056
47 0.438695 0.810095 0.0456679 0.0708691
47 0.445975 0.48113 0.0339998 0.0607335
47 0.478721 0.481274 0.0362153 0.0642373
47 0.513973 0.314368 0.0375689 0.0648307
47 0.00551999 0.341479 0.0109895 0.0510583
47 0.168247 0.040212 0.0388168 0.0592982
47 0.618194 0.3307 0.0339253 0.0531489
47 0.467634 0.548965 0.0328827 0.0451868
47 0.0883253 0.326667 0.0240234 0.0518134
47 0.292554 0.891877 0.0390201 0.0613045
