47 0.406725 0.528246 0.0262966 0.0300406
47 0.518762 0.16252 0.0256723 0.0432151
47 0.680674 0.201071 0.0202136 0.0357601
47 0.435597 0.175348 0.0299591 0.0358885
47 0.671424 0.0662211 0.0225958 0.036761
47 0.378816 0.626434 0.0223621 0.0324716
47 0.687284 0.278037 0.0314869 0.0338253
47 0.744851 0.639178 0.0234383 0.0344243
47 0.45936 0.167186 0.0245451 0.0354881
47 0.540506 0.112253 0.0306062 0.0360291
47 0.270369 0.239389 0.0258778 0.0374665
47 0.568507 0.48169 0.0206579 0.0297293
47 0.388607 0.19302 0.0325502 0.0337641
47 0.422123 0.414663 0.0203851 0.0373663
47 0.357875 0.546251 0.0289622 0.033712
47 0.678802 0.0692709 0.0450892 0.0485891
47 0.948069 0.208532 0.0191072 0.0368439
47 0.139697 0.162961 0.0279887 0.0261112
47 0.358331 0.245297 0.0274476 0.0387625
47 0.720786 0.708958 0.0226886 0.0335338
