47 0.414932 0.223086 0.0645273 0.094165
47 0.295294 0.617027 0.0620032 0.109789
47 0.544071 0.83287 0.0512573 0.0885852
47 0.478653 0.387882 0.0800939 0.116797
47 0.49105 0.610505 0.154922 0.190375
47 0.402814 0.366045 0.076773 0.126085
47 0.531193 0.570743 0.0738435 0.115205
47 0.46886 0.835882 0.0464164 0.0948603
47 0.300451 0.174137 0.0532532 0.0746272
47 0.470771 0.606357 0.0478916 0.0737357
47 0.507399 0.650469 0.0536662 0.0609275
49 0.379878 0.446266 0.0577661 0.0706364
47 0.461636 0.593267 0.0681066 0.101338
47 0.189552 0.354739 0.0246598 0.0385101
47 0.165681 0.507327 0.0314917 0.0282203
47 0.171846 0.50733 0.0179928 0.0265393
47 0.519314 0.66939 0.0854735 0.0942602
47 0.835473 0.0688904 0.0432001 0.0749875
47 0.379882 0.448949 0.0590141 0.0726217
47 0.499085 0.837191 0.126489 0.102281
47 0.510405 0.661046 0.065621 0.0834462
47 0.351926 0.0294875 0.0504584 0.0415246
47 0.918761 0.400323 0.0973035 0.08826
47 0.874121 0.68229 0.0372341 0.0508565
47 0.18721 0.357082 0.0219543 0.0320718
