47 0.1768 0.380717 0.196557 0.227406
47 0.339899 0.709091 0.232202 0.460984
47 0.529806 0.556147 0.255853 0.274266
47 0.494262 0.229892 0.34715 0.285251
47 0.318069 0.598806 0.188282 0.23169
47 0.407434 0.205005 0.176213 0.226392
47 0.362068 0.817432 0.189249 0.247321
47 0.79575 0.541409 0.144911 0.169645
47 0.974264 0.908723 0.0511592 0.16493
47 0.952563 0.682647 0.0942166 0.134831
47 0.800041 0.889003 0.131224 0.176713
47 0.532278 0.973158 0.1278 0.047715
47 0.575145 0.267545 0.172621 0.211259
47 0.0453411 0.949162 0.0893329 0.0996019
