47 0.256527 0.517345 0.0554033 0.0606226
47 0.230049 0.468813 0.046606 0.0646307
47 0.261698 0.115779 0.0460587 0.0694992
47 0.904372 0.632266 0.0532324 0.0644559
47 0.714686 0.788357 0.109204 0.263767
47 0.220677 0.850574 0.0474941 0.0791846
47 0.192662 0.746085 0.0569797 0.0691288
47 0.399773 0.127106 0.0312461 0.0447709
47 0.158378 0.845825 0.0453147 0.0795162
47 0.137089 0.0337744 0.0476561 0.0675487
47 0.638972 0.193316 0.0351912 0.0589164
47 0.700562 0.717185 0.0680507 0.117978
47 0.262402 0.172592 0.0424999 0.0428979
47 0.135011 0.117851 0.0563206 0.0785904
47 0.644016 0.202881 0.0485261 0.0811004
47 0.245429 0.491485 0.0807838 0.114525
47 0.23166 0.679167 0.0335578 0.0715547
47 0.173113 0.115144 0.029547 0.0539651
14 0.643463 0.205171 0.0494671 0.0832745
47 0.207661 0.277339 0.0352125 0.0456976
47 0.261418 0.165636 0.0439906 0.0588223
