47 0.0995591 0.515647 0.0345297 0.0621632
47 0.241167 0.35104 0.0539207 0.097036
47 0.439134 0.109326 0.0411887 0.106892
47 0.62212 0.17778 0.037893 0.0698089
47 0.612954 0.548162 0.141343 0.300089
47 0.387008 0.205517 0.0415683 0.0759574
47 0.993095 0.26121 0.0138107 0.051931
47 0.565946 0.620935 0.044896 0.0775617
47 0.127897 0.437536 0.0289703 0.0501909
47 0.184103 0.473866 0.0311438 0.0488993
47 0.529682 0.168086 0.0761785 0.143687
47 0.68512 0.411687 0.0397029 0.0678734
47 0.710315 0.0413287 0.0449646 0.0826575
47 0.850705 0.731016 0.036523 0.0665123
47 0.246158 0.220653 0.0280946 0.0506767
47 0.00659543 0.541581 0.0131395 0.0365873
47 0.0818477 0.238438 0.0247773 0.0435918
47 0.738806 0.229304 0.0369584 0.0687121
47 0.078347 0.719428 0.0248646 0.0543313
47 0.719989 0.509603 0.0460234 0.069009
47 0.00883896 0.585363 0.0176779 0.0378906
47 0.158624 0.48113 0.025752 0.0418146
47 0.909927 0.708888 0.042547 0.0655785
47 0.389778 0.198933 0.0509135 0.0932721
47 0.601907 0.439576 0.0415869 0.0709875
47 0.00863022 0.562425 0.0171524 0.0844366
47 0.625272 0.850527 0.0383853 0.0648353
47 0.837673 0.641601 0.0362442 0.0656626
47 0.926671 0.857207 0.0814875 0.150231
47 0.626658 0.937963 0.0343157 0.0707376
47 0.513536 0.194258 0.0448443 0.0924459
