47 0.941665 0.483029 0.0733057 0.089488
47 0.363947 0.471802 0.026092 0.0381307
47 0.650901 0.402293 0.0386014 0.0527357
47 0.438916 0.426291 0.0440706 0.0583099
47 0.360069 0.539632 0.0341413 0.044076
47 0.51049 0.3976 0.0519054 0.066702
47 0.658277 0.311659 0.0526537 0.0625114
47 0.470458 0.518764 0.0281648 0.0325787
47 0.747642 0.354018 0.0545158 0.0726771
47 0.617107 0.212369 0.0605321 0.0850085
47 0.70354 0.235797 0.0508074 0.0634257
47 0.949769 0.591613 0.0355024 0.0532997
47 0.685689 0.15201 0.0443092 0.0665062
47 0.635413 0.578029 0.0373824 0.0505875
47 0.984417 0.340629 0.0309868 0.163856
47 0.904348 0.407584 0.0356497 0.0521847
47 0.789827 0.544418 0.047823 0.0583489
47 0.526008 0.56094 0.0328447 0.0502327
47 0.438814 0.436783 0.046395 0.0815958
47 0.810942 0.744776 0.0265614 0.0459679
47 0.594135 0.410837 0.0458772 0.0661754
47 0.42991 0.0566674 0.0542084 0.0541371
47 0.982273 0.361563 0.0295901 0.119638
47 0.986695 0.366635 0.0265271 0.110195
