47 0.673801 0.408871 0.138076 0.186236
47 0.69091 0.632606 0.13507 0.274132
47 0.40057 0.458024 0.166226 0.18869
47 0.401064 0.540056 0.166705 0.352449
47 0.547654 0.660272 0.155756 0.252536
47 0.380767 0.629926 0.122753 0.177077
47 0.165823 0.731777 0.0813472 0.126584
47 0.387178 0.934801 0.0669453 0.0920473
47 0.953635 0.663335 0.089756 0.210196
47 0.494914 0.630502 0.140438 0.200751
47 0.104126 0.90838 0.0661728 0.0904653
47 0.699195 0.696521 0.123243 0.14805
47 0.0898414 0.627406 0.0976582 0.0959928
47 0.325466 0.0880226 0.118289 0.176045
47 0.517718 0.625987 0.10235 0.191016
47 0.680065 0.607187 0.1082 0.222088
47 0.988772 0.729529 0.0222807 0.127037
