47 0.0577311 0.5858 0.0589332 0.0813944
47 0.132683 0.390007 0.0530625 0.0842158
47 0.0813369 0.377017 0.0521994 0.0765447
47 0.338935 0.452837 0.0556051 0.0851118
47 0.252022 0.67665 0.0517642 0.0748505
47 0.469164 0.513483 0.0561407 0.0830564
47 0.817248 0.433272 0.0588013 0.0868434
47 0.0868373 0.0959883 0.049789 0.0704276
47 0.976329 0.684759 0.0466037 0.0856833
47 0.523105 0.753066 0.0438139 0.0632157
47 0.6499 0.74318 0.0445009 0.066348
47 0.861049 0.47006 0.0535902 0.0906328
47 0.338679 0.472209 0.0582408 0.118883
47 0.988524 0.135063 0.0221901 0.0788033
47 0.152165 0.573561 0.0551511 0.0741841
47 0.978682 0.281866 0.0423252 0.066881
47 0.223451 0.416491 0.438173 0.817511
47 0.0337106 0.286955 0.0541035 0.0916513
47 0.885306 0.602534 0.229388 0.428025
47 0.480305 0.388807 0.055734 0.0789539
47 0.902124 0.36791 0.0553598 0.0780301
47 0.200971 0.351771 0.0529163 0.0775192
47 0.218931 0.425466 0.0562065 0.0725159
