47 0.637673 0.337975 0.0473988 0.0608363
47 0.274315 0.101905 0.0541654 0.0793776
47 0.591378 0.0997334 0.0495866 0.0814766
47 0.466435 0.269274 0.0496362 0.0782389
47 0.550435 0.128444 0.0350819 0.0608148
47 0.344647 0.300516 0.0571144 0.0816237
47 0.247967 0.500681 0.0455818 0.0682916
47 0.125019 0.4985 0.044418 0.0664646
47 0.100496 0.615749 0.0556595 0.0818673
47 0.116534 0.749751 0.0588317 0.0997175
47 0.0510529 0.650866 0.0550618 0.0698726
47 0.478082 0.459896 0.0239424 0.0343121
47 0.0710632 0.52448 0.0608075 0.0965033
47 0.350803 0.296287 0.0728742 0.0983841
47 0.125246 0.913229 0.0513894 0.0606151
