47 0.498048 0.494141 0.994728 0.983442
47 0.086524 0.728218 0.172777 0.273548
47 0.459486 0.376654 0.250837 0.323981
47 0.581656 0.611716 0.223465 0.257285
47 0.172577 0.563202 0.18442 0.244154
47 0.240152 0.319281 0.215413 0.284007
47 0.101878 0.118786 0.203755 0.237572
47 0.323474 0.657735 0.21755 0.287015
47 0.33076 0.108276 0.202848 0.216553
47 0.061318 0.418115 0.122224 0.278307
47 0.859538 0.288937 0.235306 0.273279
47 0.840083 0.53076 0.180231 0.230151
47 0.723754 0.122983 0.228968 0.245967
47 0.687302 0.417675 0.185273 0.235034
47 0.524317 0.0917303 0.181479 0.183461
47 0.765426 0.727849 0.216581 0.271715
47 0.599422 0.858873 0.231924 0.271116
47 0.914095 0.0746156 0.170753 0.149231
47 0.377789 0.892194 0.228932 0.214165
47 0.953433 0.58351 0.0925343 0.246754
47 0.0385234 0.894901 0.0765533 0.151453
