47 0.625216 0.195599 0.16682 0.239012
47 0.239198 0.764009 0.104902 0.141972
47 0.602013 0.515595 0.194572 0.22762
47 0.0686886 0.943157 0.114992 0.108464
47 0.663575 0.670381 0.151913 0.174998
47 0.590463 0.658132 0.297465 0.512286
47 0.878983 0.74574 0.0521896 0.11699
47 0.0242653 0.700992 0.0483133 0.156359
47 0.51157 0.812855 0.0835545 0.19151
47 0.88984 0.300385 0.099358 0.111351
47 0.58904 0.50171 0.296095 0.848342
47 0.0247416 0.722185 0.0465796 0.110005
47 0.742726 0.959852 0.0853258 0.0746818
47 0.508423 0.640406 0.131111 0.253232
47 0.327654 0.181734 0.0555336 0.0693904
47 0.868163 0.312294 0.0573482 0.077009
47 0.790716 0.767474 0.0910848 0.138752
47 0.508732 0.598742 0.128717 0.171198
47 0.537192 0.814898 0.135921 0.204142
47 0.872569 0.296909 0.1424 0.121935
47 0.235113 0.66015 0.0407483 0.0643869
47 0.153384 0.397313 0.0419473 0.0752877
