47 0.179337 0.380474 0.191829 0.229015
47 0.340083 0.709482 0.230467 0.461858
47 0.525802 0.555341 0.24958 0.273666
47 0.489027 0.230039 0.338227 0.28499
47 0.406824 0.20185 0.174769 0.220322
47 0.31804 0.596133 0.184939 0.228575
47 0.792317 0.889566 0.13262 0.179379
47 0.0458346 0.948474 0.0910404 0.0993697
47 0.361783 0.817006 0.187188 0.248028
47 0.970195 0.906703 0.0592608 0.164079
47 0.528124 0.973216 0.128762 0.047685
47 0.572061 0.269949 0.168692 0.21145
47 0.789432 0.544587 0.147376 0.17434
47 0.971326 0.808527 0.0571628 0.0939434
47 0.947281 0.682568 0.0998367 0.132644
