47 0.170664 0.50581 0.212443 0.272327
47 0.718747 0.550188 0.316683 0.377883
47 0.350388 0.190731 0.364095 0.377309
47 0.494557 0.402221 0.243437 0.279776
47 0.561698 0.456452 0.848055 0.912903
47 0.746346 0.632593 0.480441 0.563379
47 0.353255 0.564005 0.153656 0.165441
47 0.231909 0.873944 0.101959 0.121715
47 0.978763 0.566434 0.0419999 0.218108
47 0.561808 0.766022 0.116114 0.129229
47 0.675343 0.841824 0.162003 0.139715
47 0.217744 0.475888 0.432749 0.362811
50 0.130206 0.201713 0.257192 0.39627
49 0.716821 0.552164 0.322702 0.389893
