47 0.3849 0.270684 0.0505435 0.0706857
47 0.435658 0.662893 0.0700033 0.103443
47 0.451664 0.510883 0.0667447 0.0891447
47 0.71974 0.309245 0.0739167 0.108046
47 0.156339 0.943829 0.0787989 0.0932205
47 0.963169 0.504515 0.0578552 0.0657459
47 0.648741 0.621263 0.0874359 0.137897
47 0.636895 0.642221 0.0626595 0.0975588
47 0.66477 0.319463 0.0496322 0.0893672
47 0.900494 0.5465 0.0612884 0.0505203
47 0.742904 0.494758 0.0662115 0.0955237
47 0.330829 0.967361 0.0567309 0.0586507
47 0.0852049 0.698012 0.0422427 0.0581867
47 0.931798 0.13288 0.0309977 0.0551033
47 0.153458 0.396443 0.0290533 0.0504355
47 0.275636 0.959401 0.0653434 0.0727763
47 0.578872 0.800391 0.0484472 0.0620296
47 0.697093 0.311768 0.115323 0.112134
47 0.147765 0.39597 0.0396187 0.0527075
47 0.893938 0.50978 0.0418623 0.0563244
47 0.430505 0.774816 0.0329109 0.0552306
