47 0.0513403 0.585298 0.0617685 0.0821153
47 0.665206 0.743149 0.0457084 0.0669442
47 0.476799 0.514152 0.0570777 0.0822656
47 0.83973 0.435023 0.0627613 0.0918472
47 0.12929 0.390429 0.0544738 0.0835135
47 0.344468 0.453728 0.0567472 0.0844587
47 0.0741591 0.376159 0.0553308 0.0783599
47 0.151168 0.573146 0.0577314 0.0778073
47 0.217446 0.425077 0.057973 0.0735866
47 0.0826554 0.0964469 0.0526147 0.0726724
47 0.92643 0.369239 0.0559654 0.07534
47 0.469442 0.276061 0.0701509 0.0948839
47 0.673213 0.574821 0.0578064 0.0691981
47 0.251085 0.67782 0.057894 0.074244
47 0.979101 0.0294528 0.0416723 0.0589057
47 0.882881 0.282103 0.0926392 0.0949191
47 0.511768 0.149028 0.0635037 0.0916541
47 0.885891 0.468312 0.0547491 0.0894017
47 0.841386 0.58531 0.0593437 0.0803346
47 0.88856 0.297076 0.105457 0.120442
47 0.199253 0.354176 0.0554801 0.0822615
