47 0.480509 0.458817 0.204929 0.330078
47 0.280395 0.617831 0.189378 0.298976
47 0.668749 0.568485 0.193316 0.207257
47 0.473364 0.502033 0.585245 0.669454
47 0.404653 0.735122 0.168526 0.218005
47 0.660205 0.37614 0.202158 0.306744
47 0.6721 0.212464 0.108337 0.0920886
47 0.33539 0.653446 0.308953 0.377288
47 0.499204 0.281619 0.11376 0.114572
47 0.57286 0.418437 0.387082 0.503062
47 0.992946 0.682596 0.0140281 0.0955574
47 0.593975 0.149778 0.0612661 0.0811099
47 0.66134 0.422228 0.209757 0.497445
