47 0.413178 0.489896 0.0904373 0.130489
47 0.482032 0.63582 0.064671 0.0855581
47 0.30118 0.465178 0.0706288 0.0969771
47 0.481108 0.448687 0.0758341 0.101704
47 0.709437 0.519929 0.0801957 0.119198
47 0.781504 0.54753 0.096175 0.126011
47 0.71652 0.231908 0.0763708 0.0964354
47 0.0693292 0.57038 0.0712333 0.0964092
47 0.694227 0.39829 0.0674993 0.089754
47 0.312956 0.590596 0.0540843 0.0655294
47 0.697275 0.405592 0.0789871 0.110142
47 0.220866 0.210237 0.038965 0.049922
47 0.0918416 0.754927 0.0516288 0.0629798
47 0.746027 0.534753 0.167533 0.152765
47 0.0538948 0.559091 0.107409 0.136748
