47 0.714783 0.309663 0.0706144 0.104356
47 0.437011 0.666802 0.0658172 0.104332
47 0.167269 0.947043 0.0749139 0.0941888
47 0.451973 0.512983 0.0651377 0.0917561
47 0.660021 0.317792 0.0493986 0.0832937
47 0.389155 0.269332 0.0486732 0.0688013
47 0.632648 0.641368 0.060226 0.0964657
47 0.948772 0.50607 0.06443 0.0716388
47 0.989074 0.0313091 0.0217787 0.0626182
47 0.893694 0.538731 0.0688604 0.0758095
47 0.0961542 0.700602 0.0393784 0.0545026
47 0.642583 0.621169 0.0807542 0.137573
47 0.161968 0.39519 0.0437224 0.0450344
47 0.735986 0.496356 0.0633756 0.0934503
47 0.921218 0.135585 0.0347297 0.0575841
47 0.163814 0.396092 0.0290694 0.041505
47 0.282959 0.957821 0.0631995 0.0761458
47 0.578248 0.798585 0.0474579 0.0623698
47 0.915406 0.135707 0.0289879 0.0579662
47 0.335711 0.967601 0.0540331 0.0582188
