47 0.582997 0.414125 0.102159 0.120921
47 0.2985 0.365384 0.148634 0.172966
47 0.129667 0.548863 0.102189 0.126508
47 0.0434761 0.285611 0.074833 0.0898319
47 0.419982 0.122438 0.135326 0.156526
47 0.844092 0.465968 0.0911631 0.106445
47 0.769567 0.350808 0.0854095 0.104852
47 0.873103 0.585857 0.0911001 0.102887
47 0.452808 0.400944 0.0808671 0.115751
47 0.977038 0.311986 0.0448009 0.101515
47 0.913698 0.352349 0.0913944 0.104267
47 0.627406 0.250321 0.0714061 0.124392
47 0.732547 0.192614 0.0942596 0.111042
47 0.134825 0.758483 0.0722439 0.0766668
47 0.0299114 0.734426 0.0597941 0.0933446
47 0.035395 0.587963 0.0704873 0.149626
47 0.765501 0.549723 0.0470422 0.0520061
47 0.743264 0.477575 0.0605811 0.0738836
47 0.972767 0.140527 0.0540127 0.119143
47 0.610433 0.0339179 0.100082 0.0678357
47 0.464116 0.234762 0.0675198 0.10302
47 0.0120315 0.843527 0.0239831 0.080094
