0 0.533561 0.692371 0.229209 0.601609
47 0.709395 0.750578 0.0472907 0.0540137
47 0.542055 0.77629 0.0475296 0.0507777
47 0.209767 0.545233 0.0404331 0.0501578
47 0.204824 0.587222 0.035456 0.0467049
47 0.519236 0.185634 0.0492655 0.0627027
47 0.840161 0.621511 0.0539406 0.0712599
47 0.941215 0.0740934 0.0375474 0.0443718
47 0.406261 0.428383 0.0314751 0.0332225
47 0.534512 0.263918 0.0339674 0.0449737
47 0.790818 0.673615 0.0458493 0.055285
47 0.200011 0.375793 0.0471565 0.0562733
47 0.308751 0.470746 0.0358587 0.0417421
47 0.572389 0.139018 0.0459289 0.048861
47 0.422733 0.168229 0.0399719 0.0400461
32 0.936137 0.500433 0.0490318 0.0573524
47 0.339364 0.332384 0.0369253 0.0494402
47 0.15976 0.279829 0.0260834 0.0371973
47 0.30021 0.340515 0.0365112 0.0500107
47 0.939383 0.500485 0.0474128 0.0563807
47 0.539048 0.264331 0.0458425 0.0490211
47 0.360069 0.431318 0.0242508 0.0268761
47 0.302829 0.272817 0.033978 0.042283
47 0.314817 0.137139 0.0278687 0.0434197
