47 0.416507 0.715279 0.22094 0.290559
47 0.449344 0.472722 0.216133 0.310115
49 0.34998 0.186731 0.245898 0.366743
47 0.262633 0.872163 0.187846 0.250259
47 0.348354 0.185816 0.24771 0.36592
47 0.610235 0.573483 0.189697 0.307771
47 0.536467 0.221309 0.181156 0.308021
47 0.291248 0.407191 0.146039 0.221392
49 0.288642 0.407016 0.141288 0.220773
47 0.709881 0.647689 0.0757224 0.182684
47 0.910109 0.703205 0.162101 0.228904
47 0.761334 0.927841 0.119187 0.13626
47 0.748144 0.90351 0.155893 0.187334
47 0.394013 0.912635 0.1272 0.160399
