47 0.431293 0.608665 0.0775188 0.101362
47 0.47564 0.497025 0.0701512 0.0973615
47 0.330468 0.444779 0.118788 0.142824
47 0.249397 0.558451 0.0850012 0.0993013
47 0.20597 0.315642 0.0803776 0.107808
47 0.130733 0.108175 0.0958517 0.12844
47 0.562038 0.844016 0.0720502 0.0878185
47 0.85667 0.448001 0.106444 0.128639
47 0.665156 0.557403 0.0546616 0.0681387
47 0.88349 0.455195 0.165626 0.144327
47 0.202442 0.457465 0.0560532 0.0724937
47 0.603897 0.896308 0.0622112 0.0828937
47 0.313331 0.525437 0.0686852 0.0727908
47 0.932152 0.45884 0.0733895 0.130229
47 0.121099 0.653391 0.0707586 0.0719174
47 0.661444 0.815578 0.0489532 0.06114
47 0.130703 0.726999 0.0579345 0.0634126
49 0.932268 0.458433 0.0741146 0.130227
49 0.130834 0.728128 0.0572726 0.0606316
47 0.501707 0.640857 0.0526377 0.0730829
49 0.664563 0.556379 0.0549732 0.066773
47 0.153802 0.413833 0.0443106 0.0550989
47 0.61764 0.611422 0.0531035 0.0717138
