47 0.464956 0.496219 0.0662825 0.0985947
47 0.421535 0.608008 0.0777592 0.100283
47 0.323112 0.44428 0.11596 0.143547
47 0.202129 0.319025 0.0798391 0.103507
47 0.244507 0.559058 0.0845949 0.0973113
47 0.130632 0.108972 0.080866 0.127034
47 0.864883 0.454328 0.162837 0.1429
47 0.651508 0.557309 0.0545429 0.069438
47 0.838647 0.451619 0.103807 0.13615
47 0.549936 0.844856 0.0711539 0.0856931
47 0.490221 0.64112 0.0527312 0.0654006
47 0.199266 0.455902 0.0555879 0.0695104
47 0.117998 0.65246 0.0684995 0.0708298
49 0.128633 0.727201 0.0569957 0.0642842
47 0.592785 0.896068 0.0572088 0.0788874
49 0.838524 0.452242 0.103667 0.137122
47 0.149764 0.41504 0.0445669 0.0573599
47 0.912771 0.458481 0.0700556 0.128381
47 0.649152 0.814493 0.0507549 0.0604576
47 0.307241 0.525194 0.067997 0.0690837
47 0.12801 0.729823 0.057893 0.0643669
47 0.530569 0.948074 0.0756866 0.103131
