47 0.967578 0.599262 0.0644671 0.110598
47 0.412298 0.410192 0.0822295 0.132269
47 0.154707 0.366489 0.0846643 0.125783
47 0.0594163 0.0544371 0.0705436 0.0931691
47 0.0166978 0.651615 0.0332013 0.119427
47 0.477299 0.381625 0.0733704 0.125265
47 0.523121 0.480295 0.944825 0.95275
47 0.246804 0.0744159 0.0626736 0.0990889
47 0.654029 0.181014 0.0659681 0.109331
47 0.360513 0.238486 0.0730156 0.117512
47 0.481659 0.613437 0.0842277 0.118202
47 0.046709 0.364545 0.0566483 0.0551363
47 0.987192 0.0519654 0.0252282 0.103931
47 0.775582 0.632104 0.0671434 0.0845618
47 0.28254 0.494027 0.0522254 0.0733678
