47 0.32205 0.397614 0.0566468 0.0681562
47 0.54983 0.191584 0.0547062 0.0679952
47 0.287205 0.556928 0.0535863 0.0594533
47 0.321976 0.0859938 0.0583493 0.0864958
47 0.0363474 0.638837 0.0703597 0.077889
47 0.178035 0.614313 0.0694041 0.0762634
47 0.387051 0.659552 0.0319675 0.0471848
47 0.0367294 0.671988 0.0731428 0.142063
47 0.00692125 0.147772 0.0137994 0.0689832
47 0.668615 0.554936 0.0310985 0.0384781
47 0.329307 0.77011 0.0310397 0.0420865
47 0.960334 0.0736802 0.0783393 0.137526
47 0.957286 0.099278 0.0712432 0.0832628
47 0.545549 0.655423 0.0389501 0.0665735
47 0.0472803 0.684706 0.0944542 0.170253
47 0.580613 0.0818057 0.0310465 0.0613806
47 0.758524 0.0664666 0.0472738 0.0671224
