47 0.557461 0.278674 0.0791765 0.111817
47 0.517481 0.111322 0.0804222 0.129541
47 0.298632 0.301364 0.0723219 0.118321
47 0.966279 0.58915 0.0670343 0.1352
47 0.0208475 0.422789 0.0397224 0.0793609
47 0.633546 0.358138 0.0637217 0.0957044
47 0.975686 0.82385 0.048374 0.137726
47 0.262751 0.165233 0.0660919 0.0957538
47 0.672902 0.586732 0.0802277 0.128286
47 0.948782 0.0340171 0.0601542 0.0680341
47 0.728005 0.492085 0.0900969 0.137973
47 0.702964 0.536129 0.141651 0.231046
47 0.901836 0.765755 0.0704807 0.10662
47 0.510502 0.746892 0.0751414 0.114774
47 0.431336 0.512804 0.0812736 0.131782
47 0.498921 0.479798 0.0709194 0.117691
47 0.282685 0.571798 0.0487385 0.0918712
47 0.90131 0.424386 0.0670568 0.0848795
47 0.457971 0.663573 0.087917 0.125154
47 0.478118 0.702483 0.138693 0.202741
47 0.281523 0.579299 0.0406446 0.0722609
47 0.426637 0.229263 0.0311147 0.0629508
47 0.462799 0.501311 0.144023 0.159464
47 0.430643 0.181931 0.0308961 0.042984
47 0.250347 0.280482 0.0563229 0.101891
47 0.470718 0.611125 0.156778 0.384959
47 0.24401 0.291356 0.0437444 0.0809047
47 0.708833 0.0279225 0.0631431 0.0558451
47 0.0806893 0.0833915 0.0352382 0.0407398
47 0.278057 0.236236 0.116025 0.242637
47 0.417373 0.101243 0.0303354 0.0642126
47 0.933361 0.804629 0.132496 0.182866
