47 0.057847 0.585333 0.0591493 0.0802482
47 0.132796 0.389609 0.0525518 0.0853841
47 0.64936 0.74233 0.0435859 0.0660939
47 0.0807946 0.37797 0.0539585 0.0795004
47 0.817828 0.434025 0.0582486 0.0859634
47 0.0864603 0.0947191 0.0496144 0.0691829
47 0.339785 0.454083 0.0580915 0.0853782
47 0.988692 0.135262 0.0218554 0.0787048
47 0.21392 0.409958 0.418572 0.802052
47 0.250216 0.678178 0.0567637 0.0735503
47 0.339102 0.47227 0.0609138 0.11761
47 0.979066 0.282695 0.041533 0.0688084
47 0.523137 0.75408 0.0433534 0.0630388
47 0.900884 0.368566 0.0533701 0.076128
47 0.152949 0.572796 0.0555213 0.0765353
47 0.479592 0.383963 0.058475 0.0802635
47 0.468715 0.513535 0.0572417 0.0780087
47 0.862488 0.291052 0.0927854 0.111875
47 0.658588 0.574329 0.0533897 0.0701304
