47 0.138979 0.0772912 0.102533 0.134755
47 0.58877 0.464231 0.3981 0.380911
47 0.618901 0.604411 0.460122 0.616903
47 0.360919 0.341053 0.0586368 0.112103
47 0.024132 0.383906 0.0479672 0.0769617
47 0.750041 0.767332 0.200461 0.288877
47 0.554332 0.128235 0.0509369 0.0668916
47 0.550559 0.911913 0.0658459 0.103905
47 0.280497 0.660722 0.0409378 0.0627142
47 0.0247979 0.191278 0.0384432 0.0675671
47 0.197663 0.123194 0.0573959 0.0809349
47 0.167622 0.850681 0.0515748 0.0797188
47 0.686941 0.478758 0.199517 0.328846
47 0.780213 0.27487 0.0669271 0.0802226
