47 0.948015 0.480719 0.0633953 0.0882493
47 0.75478 0.349347 0.0487718 0.0649092
47 0.521794 0.396244 0.0508052 0.0687794
47 0.659832 0.402293 0.0388229 0.0507782
47 0.665919 0.313777 0.0512154 0.0646131
47 0.449595 0.432827 0.0418922 0.0702922
47 0.625801 0.207227 0.0575697 0.0813285
47 0.791541 0.546722 0.0348934 0.0544749
47 0.985169 0.364743 0.0289321 0.115735
47 0.745879 0.523424 0.0298871 0.0435267
47 0.950057 0.592245 0.0338221 0.0484971
47 0.45157 0.427733 0.0369763 0.0548062
47 0.889959 0.634743 0.0348623 0.051904
47 0.380405 0.46627 0.0229357 0.0340021
47 0.604672 0.41392 0.0370797 0.0572
47 0.815897 0.74259 0.024939 0.0407302
47 0.372531 0.538976 0.033228 0.0452716
47 0.708076 0.240308 0.052245 0.0697174
47 0.588231 0.513166 0.028782 0.0359786
47 0.353385 0.483639 0.0310637 0.0325174
49 0.983904 0.365139 0.0270337 0.110848
47 0.904934 0.411989 0.039121 0.055111
47 0.482414 0.518711 0.0283203 0.0338988
47 0.946107 0.591585 0.0362284 0.055851
47 0.640334 0.576487 0.0353764 0.047421
47 0.853266 0.277049 0.037439 0.0387529
47 0.532194 0.471667 0.0272282 0.0350482
47 0.817446 0.156647 0.0527456 0.0730061
