47 0.203955 0.21652 0.0820224 0.128672
47 0.564196 0.385634 0.0614922 0.0971058
47 0.695752 0.77101 0.0570903 0.0908579
47 0.961675 0.413236 0.068195 0.0923768
47 0.396639 0.414241 0.066821 0.0954059
47 0.772757 0.465539 0.0458836 0.0685668
47 0.408993 0.493944 0.0574929 0.0891645
49 0.267062 0.348446 0.0767389 0.097385
47 0.976969 0.876338 0.0453158 0.115716
47 0.389409 0.114558 0.0820468 0.117733
47 0.610307 0.465132 0.0643993 0.0940606
47 0.484169 0.492198 0.0560309 0.0907407
47 0.531664 0.455556 0.06466 0.0940193
47 0.691993 0.439724 0.050666 0.083165
47 0.991686 0.427336 0.015916 0.114413
47 0.504282 0.440314 0.283214 0.204616
47 0.54862 0.753237 0.0498494 0.0827892
47 0.868682 0.860619 0.0698875 0.0814041
47 0.96321 0.424857 0.0729931 0.123221
47 0.687248 0.621878 0.0546227 0.0824368
47 0.925175 0.331547 0.0624825 0.0764248
0 0.963619 0.650302 0.0725397 0.575886
47 0.78533 0.873471 0.0361524 0.0525164
47 0.58388 0.44025 0.442949 0.19927
47 0.266474 0.347674 0.0761883 0.0988443
47 0.620274 0.869818 0.0365756 0.0529577
47 0.915048 0.328068 0.0389832 0.0660932
