47 0.931929 0.614213 0.123645 0.170715
47 0.155012 0.381846 0.165707 0.229469
47 0.682538 0.546748 0.122759 0.177523
47 0.423577 0.230989 0.294482 0.28101
47 0.459534 0.556228 0.226 0.273466
47 0.35184 0.20277 0.152005 0.217544
47 0.294605 0.709978 0.198373 0.461196
47 0.274964 0.599203 0.160582 0.234463
47 0.960562 0.311937 0.0616821 0.0820136
47 0.311707 0.818485 0.160538 0.2467
47 0.683768 0.890906 0.113299 0.178118
47 0.493736 0.268755 0.148842 0.212483
47 0.883175 0.910849 0.145769 0.176581
47 0.0400215 0.95109 0.0794512 0.0940731
47 0.456121 0.973345 0.110267 0.0474204
47 0.904299 0.871264 0.190966 0.245118
47 0.821528 0.684616 0.0898262 0.135826
