47 0.0995852 0.562532 0.0524135 0.0931034
47 0.166052 0.631946 0.0554492 0.0800794
47 0.442506 0.439286 0.0528937 0.0757327
47 0.619438 0.45588 0.0424208 0.0686605
47 0.231046 0.515956 0.0502495 0.0744598
47 0.839461 0.091194 0.0476286 0.0683034
47 0.205004 0.381287 0.0660752 0.0916664
47 0.419655 0.555269 0.0460301 0.0680783
47 0.876858 0.026642 0.0493551 0.0532841
47 0.242378 0.291256 0.0577943 0.0805896
47 0.471739 0.520913 0.0536693 0.0756094
47 0.48959 0.622868 0.0523242 0.066127
47 0.714309 0.376313 0.0427658 0.073424
47 0.50446 0.170452 0.0477096 0.0701402
47 0.88076 0.169522 0.0383625 0.0568599
47 0.536058 0.51944 0.0460517 0.0644278
47 0.37497 0.692767 0.0451046 0.081543
47 0.850128 0.215 0.0366425 0.0514041
47 0.718279 0.193936 0.0488721 0.0780066
47 0.168988 0.476829 0.0547652 0.0841603
47 0.366242 0.870519 0.0476853 0.0639659
47 0.79309 0.211481 0.0419458 0.063091
47 0.302808 0.406152 0.0467621 0.0630865
47 0.539233 0.193089 0.0434954 0.0611772
47 0.518049 0.295147 0.0457275 0.0717083
47 0.571502 0.113651 0.0468855 0.0693088
47 0.375779 0.619583 0.0472002 0.0581498
47 0.655102 0.199255 0.0421421 0.0746945
47 0.866271 0.677723 0.030419 0.0420954
47 0.840005 0.593109 0.0316197 0.0502162
47 0.270098 0.756057 0.025253 0.0380272
47 0.0909975 0.737762 0.0491476 0.0691542
