47 0.159991 0.217378 0.0895189 0.130136
47 0.542142 0.387547 0.062178 0.101237
47 0.961672 0.411998 0.0680563 0.0925271
47 0.365441 0.413003 0.0720113 0.0966777
47 0.356003 0.115665 0.0876782 0.119987
47 0.760451 0.466622 0.0498425 0.0686512
47 0.377075 0.491884 0.0606277 0.091439
47 0.684195 0.768547 0.0614124 0.0963877
49 0.226198 0.349 0.081388 0.0956756
47 0.979207 0.874367 0.0407872 0.107969
47 0.677689 0.438488 0.0519561 0.0848411
47 0.453618 0.491375 0.0587568 0.0902963
47 0.507183 0.454738 0.0703093 0.0943211
47 0.478747 0.441363 0.302939 0.20335
47 0.593417 0.464519 0.0699067 0.0894217
47 0.917286 0.32796 0.046349 0.0676135
47 0.776798 0.873433 0.0413942 0.0544548
49 0.378482 0.493381 0.0615043 0.0873028
47 0.865742 0.861865 0.0699925 0.0819713
47 0.67244 0.622362 0.0564848 0.0776655
47 0.99347 0.430512 0.0123757 0.111096
47 0.600103 0.870115 0.038661 0.0513912
