47 0.610308 0.35733 0.0684412 0.0976534
47 0.53061 0.276652 0.0825581 0.112194
47 0.964671 0.588952 0.0702342 0.131875
47 0.254483 0.300916 0.0791319 0.1189
47 0.216981 0.166023 0.0716747 0.0950219
47 0.487077 0.112713 0.0852396 0.13288
47 0.48044 0.746718 0.0789498 0.114258
47 0.948383 0.0346205 0.0636894 0.069241
47 0.650154 0.587403 0.0849699 0.125941
47 0.972839 0.822947 0.0540715 0.137564
47 0.89881 0.758769 0.061231 0.0923711
47 0.467483 0.480962 0.0763936 0.118941
47 0.683717 0.53727 0.153529 0.229397
47 0.430075 0.50201 0.154849 0.160652
47 0.39481 0.513784 0.0839236 0.135505
47 0.239577 0.570758 0.0482921 0.0872169
47 0.721812 0.491607 0.0734081 0.131671
47 0.381535 0.101647 0.0310404 0.0682728
47 0.896681 0.422186 0.0727272 0.0813057
47 0.423614 0.661384 0.0943672 0.130346
47 0.895389 0.765688 0.0796045 0.110529
47 0.749557 0.264201 0.0351009 0.0487854
47 0.44665 0.701041 0.145919 0.205462
47 0.687857 0.0269579 0.0718813 0.0539157
47 0.389244 0.23006 0.0323072 0.0630957
47 0.196681 0.292927 0.0451255 0.0780161
47 0.202193 0.284889 0.0575612 0.0954726
47 0.235318 0.240652 0.122241 0.250312
47 0.435935 0.611292 0.168013 0.382646
47 0.39465 0.180281 0.0340818 0.0421188
47 0.235261 0.577831 0.0419017 0.0761271
47 0.0220047 0.0838901 0.0383294 0.0366581
