47 0.472007 0.487895 0.0909682 0.119081
47 0.362793 0.522783 0.0891867 0.122259
47 0.1814 0.415474 0.101363 0.121444
47 0.609408 0.425831 0.0972878 0.117259
47 0.935772 0.205355 0.089505 0.114782
47 0.772969 0.057532 0.0741343 0.0933734
47 0.177242 0.28655 0.107796 0.135804
47 0.265107 0.588871 0.0927104 0.104212
47 0.633049 0.598031 0.0976275 0.114548
49 0.246136 0.816245 0.0554613 0.0712383
47 0.965026 0.0297839 0.0691784 0.0595677
47 0.446411 0.656008 0.0746871 0.103399
47 0.447672 0.695213 0.0887976 0.176656
49 0.962856 0.0284806 0.0695171 0.0569612
47 0.60638 0.958517 0.0487087 0.0718118
47 0.243586 0.818472 0.0570206 0.0714637
49 0.533353 0.592333 0.0760024 0.08586
47 0.351269 0.761337 0.056459 0.069543
47 0.535148 0.594303 0.07819 0.0872017
