47 0.320498 0.710112 0.217358 0.46151
47 0.170108 0.381996 0.18231 0.227503
47 0.504362 0.555365 0.249823 0.274423
47 0.466668 0.230698 0.325895 0.282008
47 0.384961 0.2034 0.163973 0.222205
47 0.299779 0.602176 0.177046 0.239132
47 0.978109 0.609813 0.0433113 0.159084
47 0.340852 0.817701 0.175552 0.246677
47 0.749006 0.889358 0.122966 0.178706
47 0.745329 0.541478 0.131983 0.172096
47 0.540214 0.265564 0.160757 0.209279
47 0.943134 0.846431 0.112978 0.276081
47 0.498772 0.973799 0.120738 0.046683
47 0.0435067 0.948446 0.0861354 0.0981352
47 0.943545 0.907805 0.112068 0.168023
47 0.477123 0.526143 0.193773 0.214088
47 0.89704 0.685241 0.0957113 0.137797
47 0.508037 0.523424 0.157389 0.21642
