47 0.441677 0.349789 0.391836 0.50352
47 0.17115 0.048288 0.152617 0.096576
47 0.079074 0.636912 0.13476 0.215222
47 0.283472 0.755521 0.0945138 0.137317
47 0.386234 0.912766 0.108062 0.161717
47 0.571796 0.203705 0.132235 0.21402
47 0.00832403 0.591832 0.0165553 0.156964
47 0.205232 0.6053 0.105796 0.154618
47 0.131432 0.638601 0.253192 0.23884
47 0.545098 0.427798 0.13198 0.206589
47 0.439043 0.321026 0.101295 0.134369
47 0.658233 0.245717 0.0589854 0.0633546
47 0.303627 0.482346 0.117189 0.213887
47 0.665549 0.246326 0.0383279 0.0606031
