47 0.459186 0.271999 0.0723618 0.160931
47 0.333023 0.189012 0.0602394 0.115632
47 0.330691 0.886611 0.0668374 0.177438
47 0.537731 0.86077 0.173315 0.270745
47 0.477823 0.538372 0.185468 0.298281
47 0.446886 0.489191 0.0826561 0.200443
47 0.510002 0.854684 0.0746535 0.150158
47 0.583458 0.81507 0.0837293 0.182884
47 0.421348 0.613275 0.0681567 0.126359
47 0.529102 0.529336 0.0874761 0.181811
47 0.558573 0.944501 0.0623689 0.101545
47 0.541093 0.305425 0.0254036 0.0590636
47 0.447047 0.534557 0.0781676 0.111333
