47 0.0306346 0.59028 0.0612692 0.0891475
47 0.136865 0.751358 0.0597361 0.0792254
47 0.842874 0.650929 0.0566688 0.0613214
47 0.0156298 0.771291 0.0311499 0.101054
47 0.223364 0.815868 0.0624164 0.0711897
47 0.51691 0.943753 0.0599344 0.0736372
47 0.941195 0.736589 0.051741 0.0519034
47 0.0437755 0.705468 0.0327474 0.0584529
47 0.17782 0.764103 0.0536736 0.0750938
47 0.0334332 0.683337 0.0640267 0.278154
47 0.181296 0.782697 0.156028 0.139088
47 0.933322 0.806001 0.0445074 0.0622036
47 0.549065 0.764459 0.0371847 0.0594333
47 0.581392 0.183409 0.0517101 0.0845094
47 0.247775 0.335923 0.0358575 0.0461345
47 0.566111 0.763381 0.0769853 0.0658145
47 0.0212069 0.767679 0.0391432 0.105923
47 0.372126 0.967679 0.0293574 0.0348023
47 0.713127 0.801478 0.0401827 0.0470169
47 0.976647 0.604728 0.0461041 0.0560237
47 0.981271 0.420524 0.0371488 0.0701718
47 0.154321 0.758969 0.0998209 0.0843216
47 0.750882 0.121372 0.0456326 0.0466908
