47 0.20311 0.204334 0.0589564 0.0882603
47 0.0456697 0.360897 0.0392896 0.0583546
47 0.614927 0.391481 0.151702 0.271609
47 0.873358 0.553695 0.0357183 0.0569489
47 0.021682 0.548676 0.0304966 0.0554202
47 0.623906 0.049617 0.0456681 0.0685036
47 0.0767905 0.287446 0.0336707 0.0467669
47 0.627277 0.821573 0.0445235 0.0708001
47 0.56177 0.453557 0.0428328 0.0699889
47 0.953983 0.675256 0.085137 0.136074
47 0.630704 0.745328 0.0379519 0.0659549
47 0.587086 0.609502 0.034284 0.0652768
47 0.139857 0.324349 0.0303693 0.0388233
47 0.112918 0.325202 0.0302326 0.0419969
47 0.628855 0.666963 0.0423042 0.0677424
47 0.730757 0.357806 0.0516591 0.0584182
47 0.212785 0.0871073 0.0402162 0.0537057
47 0.7551 0.0931694 0.044649 0.0675067
47 0.943045 0.476865 0.0384712 0.0594049
47 0.835521 0.261328 0.0418342 0.0649237
47 0.365552 0.068407 0.0534493 0.0902013
47 0.51829 0.0531002 0.0773365 0.1062
47 0.0276627 0.103011 0.027103 0.0404273
47 0.600253 0.291626 0.0470696 0.0685932
47 0.883994 0.404537 0.0407656 0.0633782
47 0.0144879 0.416439 0.0287435 0.056814
47 0.141522 0.324982 0.0407581 0.043667
47 0.862342 0.474984 0.0385607 0.0625282
47 0.69133 0.262723 0.0432141 0.0633493
47 0.615748 0.561253 0.152483 0.618604
47 0.360839 0.0784828 0.0424065 0.0709248
47 0.582986 0.354439 0.0420038 0.0564533
47 0.836442 0.334964 0.0260441 0.043305
47 0.665903 0.424009 0.0466573 0.0607459
47 0.834904 0.330717 0.0341522 0.0658117
