47 0.280857 0.779602 0.155917 0.229478
47 0.271138 0.45917 0.101346 0.180374
47 0.807048 0.148672 0.181832 0.292727
47 0.544302 0.604157 0.178039 0.250266
47 0.899128 0.599208 0.146299 0.205198
47 0.657137 0.213338 0.150475 0.199043
47 0.45606 0.0903156 0.166841 0.180631
47 0.228058 0.199682 0.0976656 0.127098
47 0.283376 0.0477045 0.0855049 0.0954091
47 0.584782 0.0772111 0.138779 0.154422
47 0.723283 0.703162 0.18333 0.255622
47 0.897709 0.809034 0.178602 0.23848
47 0.638121 0.159991 0.52916 0.31921
47 0.723675 0.74552 0.182882 0.169732
47 0.528604 0.754514 0.116245 0.103146
