47 0.085384 0.428157 0.0489939 0.0650871
47 0.0385513 0.452779 0.0410345 0.04947
47 0.455797 0.508204 0.063756 0.0818052
47 0.184873 0.138678 0.0484059 0.065085
47 0.88275 0.420805 0.0545073 0.0663685
47 0.688143 0.394086 0.0621561 0.0800056
47 0.216439 0.496113 0.046579 0.0615926
47 0.641839 0.603054 0.0453087 0.0554521
47 0.653866 0.49137 0.0546505 0.0593664
47 0.778539 0.508305 0.0643192 0.101619
47 0.372686 0.443705 0.0446647 0.0593616
47 0.558111 0.653704 0.0413801 0.0532888
47 0.71078 0.293178 0.0562593 0.066028
47 0.810679 0.730683 0.0411558 0.0504319
47 0.589138 0.470083 0.0578133 0.0631453
47 0.24392 0.0927932 0.0363168 0.0449538
47 0.413785 0.576893 0.0594631 0.0613845
49 0.709905 0.292488 0.0573157 0.0630885
47 0.44604 0.24139 0.0466642 0.0615468
47 0.147446 0.410134 0.04076 0.0756843
47 0.817992 0.653948 0.0388786 0.0494299
47 0.543358 0.559596 0.0391124 0.0469096
47 0.31592 0.802466 0.0419567 0.0583631
47 0.438149 0.621138 0.03785 0.0494475
