58 0.716323 0.827376 0.270219 0.335614
47 0.410055 0.183508 0.06391 0.0834068
47 0.908506 0.144026 0.0889477 0.117713
47 0.641386 0.305527 0.0679582 0.0966923
47 0.772549 0.45964 0.0771181 0.101276
47 0.707314 0.339391 0.0704679 0.0999747
47 0.861716 0.487587 0.0747787 0.108664
47 0.157386 0.520119 0.0699674 0.128931
47 0.47888 0.291118 0.0588797 0.107127
47 0.574945 0.259206 0.0646187 0.0957621
58 0.502723 0.489742 0.993262 0.977889
47 0.38604 0.180721 0.113846 0.0963216
47 0.508359 0.703821 0.06541 0.0886955
47 0.259978 0.0297268 0.048765 0.0594537
47 0.754804 0.0313346 0.0758766 0.0626691
47 0.323474 0.296082 0.0509404 0.0882407
