47 0.0868473 0.29416 0.0751415 0.110492
47 0.768882 0.220373 0.0710577 0.0983341
47 0.116765 0.588831 0.082932 0.111128
47 0.575475 0.740063 0.179239 0.148722
47 0.291926 0.0772417 0.076444 0.115821
47 0.209072 0.0833152 0.0973952 0.132893
47 0.91022 0.867847 0.047996 0.0725517
47 0.691158 0.490393 0.088549 0.0992336
47 0.14857 0.83939 0.102044 0.120785
47 0.723438 0.35699 0.163374 0.369509
47 0.68953 0.394312 0.0861367 0.107639
47 0.260432 0.479117 0.0952873 0.118522
47 0.721074 0.30712 0.0741961 0.0911857
47 0.191565 0.533734 0.235551 0.22917
47 0.535264 0.73132 0.094177 0.133243
47 0.624117 0.749378 0.0862098 0.124653
47 0.212704 0.549768 0.0825683 0.114431
47 0.886751 0.764238 0.0522627 0.0905503
47 0.259608 0.809803 0.0567676 0.0622583
47 0.187523 0.659004 0.245812 0.485401
47 0.243259 0.082787 0.172601 0.134519
47 0.710091 0.305012 0.0573851 0.089341
47 0.239888 0.514771 0.136853 0.188159
47 0.701202 0.398882 0.114829 0.284329
47 0.69054 0.441159 0.0931965 0.196395
