47 0.336584 0.0647936 0.100492 0.129587
47 0.0989831 0.436482 0.0663736 0.0861165
47 0.562034 0.307276 0.0884089 0.116637
47 0.654685 0.384978 0.0836707 0.131483
47 0.105663 0.177223 0.0570149 0.0922504
47 0.960946 0.150446 0.0777953 0.146248
47 0.0286714 0.0790434 0.0572677 0.110122
47 0.384178 0.226871 0.0915957 0.126183
47 0.348164 0.49633 0.0527577 0.0719816
47 0.905377 0.528745 0.0877106 0.131051
47 0.13212 0.698133 0.0453519 0.0621633
47 0.404047 0.336137 0.0685545 0.0959122
47 0.958853 0.585789 0.0715265 0.115436
47 0.493744 0.451413 0.0647871 0.104895
47 0.450815 0.240719 0.0519532 0.0809337
47 0.228774 0.669066 0.0684912 0.110601
47 0.311092 0.795996 0.0971268 0.188993
47 0.32597 0.756893 0.066805 0.110735
47 0.621837 0.809749 0.0664564 0.099621
47 0.567511 0.602744 0.0590877 0.105177
47 0.0303409 0.77218 0.0439473 0.0577266
47 0.00896259 0.526029 0.0177407 0.0526085
47 0.288039 0.277082 0.0310457 0.0416916
47 0.295346 0.842357 0.0651986 0.094315
47 0.393434 0.687693 0.0461419 0.0531754
0 0.960129 0.510154 0.079018 0.868145
47 0.928558 0.554926 0.13706 0.184185
47 0.217235 0.829373 0.0592729 0.12077
