47 0.184889 0.540059 0.141522 0.184791
47 0.822198 0.403739 0.131671 0.163623
47 0.821519 0.24371 0.120272 0.158204
47 0.306313 0.49264 0.122386 0.17906
47 0.950973 0.725821 0.0950303 0.143491
47 0.72939 0.719581 0.131142 0.155789
47 0.0230052 0.742521 0.0456486 0.0871867
47 0.0978713 0.233735 0.104429 0.153074
47 0.990094 0.557462 0.0197587 0.103372
47 0.743754 0.200417 0.107035 0.109499
47 0.690336 0.8106 0.100257 0.139386
47 0.45076 0.343806 0.105446 0.0823475
47 0.714703 0.763184 0.160331 0.236643
47 0.732739 0.427479 0.0545491 0.0583468
