0 0.634407 0.58861 0.302677 0.799167
47 0.758584 0.32977 0.0458951 0.0650853
47 0.869355 0.478911 0.0656267 0.0816505
47 0.953635 0.572549 0.0594702 0.0917489
47 0.801572 0.349961 0.0417124 0.0616508
47 0.572272 0.3029 0.0501399 0.0942927
47 0.630758 0.194202 0.0502788 0.0654508
47 0.890991 0.600706 0.0573637 0.0713979
47 0.196343 0.587951 0.0439559 0.0701687
47 0.48563 0.195097 0.0382192 0.0674396
47 0.511599 0.223768 0.0360939 0.0607221
47 0.966766 0.669446 0.0619975 0.0781583
47 0.563828 0.218519 0.0359616 0.0630311
47 0.756422 0.399588 0.0362131 0.0455472
49 0.132137 0.62677 0.0428116 0.0728548
47 0.234414 0.577219 0.0359228 0.0908437
47 0.489151 0.205618 0.0459952 0.0863055
47 0.710813 0.243679 0.0346562 0.0383146
