47 0.265455 0.461 0.0993931 0.183195
47 0.276336 0.782463 0.152969 0.234766
47 0.536524 0.602636 0.177186 0.249405
47 0.794332 0.148437 0.178338 0.289745
47 0.888922 0.599223 0.156495 0.212164
47 0.648118 0.213296 0.143204 0.198234
47 0.447442 0.0894873 0.162843 0.178975
47 0.280008 0.047871 0.0880515 0.095742
47 0.224686 0.199411 0.0993024 0.126199
47 0.710387 0.704966 0.181981 0.255583
47 0.575095 0.0757392 0.137298 0.151478
47 0.276313 0.746345 0.15092 0.160197
47 0.881423 0.81274 0.174819 0.243732
47 0.71083 0.743071 0.180545 0.175397
47 0.294801 0.571052 0.0351822 0.0753309
47 0.521763 0.757704 0.114701 0.119243
47 0.629867 0.157598 0.526423 0.313508
47 0.105828 0.949224 0.0383265 0.0796433
47 0.936487 0.176938 0.126831 0.21296
