47 0.222153 0.206929 0.065202 0.0883101
47 0.673002 0.3876 0.167923 0.275853
47 0.957684 0.555137 0.0377138 0.0553275
47 0.0510254 0.358783 0.0426481 0.0629316
47 0.942516 0.473171 0.0404549 0.0632037
47 0.395126 0.0746701 0.045625 0.064064
47 0.688134 0.667738 0.045218 0.0676413
47 0.613425 0.454485 0.0473143 0.0764516
47 0.972619 0.406855 0.039857 0.0572362
47 0.681204 0.0517832 0.0452273 0.0690944
47 0.0862905 0.287935 0.0339442 0.0504488
47 0.152678 0.321153 0.034153 0.0448532
47 0.658143 0.29075 0.0496888 0.0644265
47 0.0251543 0.546212 0.0299735 0.053488
47 0.687408 0.821055 0.0495091 0.0706569
47 0.689334 0.745986 0.0434718 0.0638185
47 0.991997 0.113721 0.0160056 0.0449261
47 0.123103 0.327431 0.0324059 0.0404812
47 0.756838 0.262394 0.0440144 0.065258
47 0.228585 0.0894991 0.0343608 0.0464892
47 0.688054 0.745101 0.0598937 0.228952
47 0.648458 0.609609 0.0507923 0.0658776
47 0.916814 0.261609 0.0437603 0.0649281
47 0.565862 0.0531717 0.0842751 0.106343
47 0.00635084 0.48672 0.0127017 0.033382
47 0.46368 0.0176545 0.0468285 0.0353089
47 0.826325 0.0930663 0.04816 0.0689527
47 0.688287 0.797516 0.0502498 0.123305
47 0.643346 0.355277 0.0489253 0.0587686
47 0.0297655 0.104451 0.0302637 0.0428074
47 0.653957 0.406264 0.0527793 0.0747835
47 0.915611 0.32779 0.0396124 0.0661901
47 0.40246 0.0654478 0.0627806 0.0986707
47 0.800267 0.358098 0.0560572 0.0579078
