47 0.281712 0.131722 0.134445 0.197943
47 0.656158 0.382675 0.125124 0.172274
47 0.242438 0.866222 0.15853 0.214657
47 0.826171 0.794489 0.117332 0.152589
47 0.396025 0.499375 0.0933762 0.141106
47 0.648476 0.58197 0.0569143 0.0849767
47 0.809512 0.377365 0.0777248 0.0908166
47 0.0406833 0.281329 0.0811705 0.228492
47 0.678184 0.0985302 0.0738771 0.129438
47 0.138859 0.377386 0.0596521 0.0954655
47 0.695527 0.0975337 0.105954 0.133483
47 0.119925 0.378175 0.0971329 0.0975615
47 0.931 0.82819 0.102454 0.112368
47 0.668506 0.0987922 0.0526426 0.12644
47 0.900443 0.515264 0.0562143 0.0649788
47 0.536719 0.474108 0.0779218 0.173195
