47 0.959576 0.423742 0.0801937 0.105212
47 0.743986 0.490445 0.0870581 0.103416
47 0.655482 0.559747 0.0723411 0.0935662
47 0.0402179 0.704521 0.0694179 0.0875494
47 0.218192 0.34203 0.0642863 0.0984051
47 0.489204 0.488695 0.0532983 0.0858755
47 0.0113948 0.224414 0.0225962 0.0672348
47 0.313343 0.519448 0.0662147 0.110128
47 0.207038 0.461771 0.0778728 0.1086
47 0.973235 0.864113 0.0532095 0.101208
47 0.682236 0.40538 0.0845934 0.125856
47 0.2731 0.706934 0.0779236 0.10776
47 0.941541 0.72122 0.0748203 0.0918008
47 0.382064 0.769964 0.0779297 0.103644
47 0.0715181 0.467902 0.0750489 0.0829188
47 0.712819 0.88784 0.091157 0.118364
47 0.568345 0.395429 0.0907371 0.0959113
47 0.027369 0.123449 0.0543474 0.104154
47 0.210791 0.15567 0.0766729 0.0908411
47 0.873 0.965293 0.0848984 0.066741
47 0.0807275 0.934653 0.0741827 0.0967068
47 0.502655 0.82684 0.0643275 0.0895144
47 0.951525 0.731285 0.0961119 0.125978
