47 0.78958 0.713351 0.152697 0.197212
47 0.198159 0.573654 0.105595 0.191547
47 0.72192 0.424875 0.248498 0.339707
47 0.383164 0.57612 0.106086 0.162558
47 0.525873 0.090099 0.133342 0.176298
47 0.969761 0.112661 0.0600375 0.162933
47 0.284203 0.718831 0.141957 0.184831
47 0.874015 0.103355 0.0815851 0.121838
47 0.482142 0.370484 0.111186 0.138799
47 0.501572 0.222158 0.189202 0.431761
47 0.700446 0.0558722 0.0999441 0.111744
47 0.302794 0.702383 0.317914 0.452473
47 0.337085 0.776784 0.248914 0.299528
47 0.521693 0.269855 0.145245 0.205025
47 0.510355 0.594166 0.0526409 0.0770841
47 0.768605 0.373587 0.15223 0.23035
47 0.554825 0.602418 0.051722 0.0691791
47 0.625021 0.301744 0.440347 0.58782
47 0.53107 0.60041 0.0997318 0.0883116
47 0.446089 0.11804 0.0767494 0.164245
47 0.026762 0.220626 0.0510679 0.0690801
47 0.313259 0.84246 0.133736 0.161083
47 0.412151 0.832237 0.0995354 0.176504
47 0.650086 0.375539 0.107357 0.170241
