47 0.818595 0.499025 0.110421 0.144514
47 0.354135 0.420952 0.162078 0.208757
47 0.409322 0.463852 0.274812 0.296334
47 0.380775 0.12328 0.152043 0.214833
47 0.260301 0.189198 0.123244 0.173217
47 0.477012 0.523183 0.138342 0.180966
47 0.156074 0.525264 0.101382 0.126764
47 0.515487 0.115856 0.139189 0.165313
47 0.987827 0.65546 0.0240597 0.0795303
47 0.300186 0.669228 0.054988 0.074681
47 0.95391 0.145741 0.0919383 0.154066
47 0.58558 0.781622 0.050741 0.0596123
47 0.797892 0.544926 0.150754 0.238194
47 0.764084 0.576665 0.0809107 0.164226
47 0.478436 0.908883 0.0406954 0.0673248
