47 0.896369 0.402098 0.157449 0.226531
47 0.522061 0.360868 0.127587 0.185419
47 0.855839 0.585702 0.13417 0.229828
47 0.313461 0.826628 0.155123 0.249313
47 0.760008 0.716438 0.116103 0.177422
47 0.961565 0.239318 0.0763117 0.134431
47 0.268755 0.847978 0.245783 0.290585
47 0.249156 0.50167 0.0971818 0.095896
47 0.180074 0.551518 0.233384 0.20814
47 0.108011 0.558734 0.0833629 0.179108
47 0.575645 0.526198 0.132171 0.146484
47 0.546395 0.52216 0.0709149 0.145219
47 0.20233 0.890748 0.116694 0.206339
47 0.889872 0.495695 0.201471 0.412451
47 0.302215 0.207661 0.0796909 0.0594123
47 0.518094 0.319956 0.140239 0.26385
47 0.888027 0.587267 0.201602 0.231879
47 0.751464 0.390185 0.0910803 0.111135
47 0.282808 0.200593 0.0369458 0.0422141
