47 0.961034 0.0835413 0.0770609 0.134669
47 0.307138 0.820196 0.345378 0.248833
47 0.631221 0.291689 0.0806662 0.126482
47 0.632167 0.695111 0.246776 0.131935
47 0.583311 0.346344 0.0622369 0.0975155
47 0.384903 0.238318 0.0338047 0.0509806
47 0.462972 0.336357 0.0327802 0.0537818
47 0.32553 0.23241 0.036201 0.0569602
47 0.057455 0.222675 0.0365738 0.0603354
47 0.466486 0.337322 0.0430678 0.0594267
47 0.613014 0.3119 0.120438 0.165789
47 0.34136 0.849299 0.0710529 0.0993756
47 0.712487 0.716934 0.0836712 0.0856509
47 0.946667 0.0739163 0.0462294 0.110353
47 0.292449 0.772904 0.0531631 0.0720272
47 0.983079 0.0843737 0.03368 0.115558
47 0.191677 0.860793 0.0638646 0.0917189
47 0.674426 0.678506 0.0438037 0.0641846
