47 0.111829 0.584311 0.0404884 0.0550692
47 0.610449 0.578388 0.0448726 0.0618848
47 0.612073 0.230419 0.0384667 0.0441657
47 0.0367936 0.320821 0.0346787 0.0533191
47 0.23929 0.167826 0.0318993 0.0561547
47 0.255587 0.313691 0.0379037 0.0514505
47 0.556623 0.544274 0.0427968 0.0571763
47 0.360854 0.37002 0.0404425 0.0539077
47 0.0433672 0.464526 0.0523268 0.0653473
47 0.230047 0.342547 0.03292 0.0480894
47 0.0853761 0.14178 0.0387098 0.0469573
47 0.177169 0.0506828 0.0435885 0.0598254
47 0.519936 0.4704 0.0426658 0.0625753
47 0.1283 0.433239 0.0482951 0.0738448
47 0.48241 0.471679 0.0372079 0.0574131
47 0.489362 0.410486 0.0405299 0.0594692
47 0.799897 0.432317 0.0493099 0.0683733
