47 0.96301 0.407161 0.0733215 0.134917
47 0.959105 0.187172 0.0812375 0.156202
47 0.0256539 0.563643 0.0491261 0.125452
47 0.721919 0.580072 0.116801 0.134437
47 0.0172194 0.395976 0.0341173 0.0904516
47 0.321403 0.427561 0.0963533 0.116592
47 0.737072 0.1782 0.112984 0.122551
47 0.712786 0.537181 0.135554 0.223446
47 0.570005 0.685104 0.080288 0.0984459
47 0.068659 0.0423346 0.117014 0.0846692
47 0.250508 0.526679 0.0818148 0.0975765
47 0.158231 0.781531 0.0719355 0.0862353
47 0.484564 0.45762 0.0840162 0.108432
47 0.454544 0.571548 0.0565255 0.0732953
47 0.888143 0.089692 0.0969776 0.0852729
47 0.174657 0.587999 0.086746 0.100664
47 0.837575 0.26082 0.319603 0.441553
47 0.433057 0.0237132 0.0731603 0.0474264
47 0.67031 0.468798 0.0500735 0.0880635
